bp=[0.04891;
0.06275;
0.0468;
0.09279;
0.008228;
0.06397;
0.1005;
0.1192;
0.09159;
0.09783;
0.1063;
0.004493;
0.8;
0.2555;
0.09434;
0.1662;
0.1392;
0.08219;
0.1041;
0.07471;
0.7026;
0.114;
0.1175;
0.0586;
0.05426;
0.04382;
0.08164];

bm=[0.1155;
0.2856;
0.003539;
0.7937;
0.373;
0.657;
0.06773;
0.006864;
0.1638;
0.3477;
0.1698;
0.4266;
0.518;
0.1559;
0.2688;
0.02818;
0.2102;
0.1245;
0.3512;
0.144;
0.04757;
0.2278;
0.3245;
0.2439;
0.1426;
0.2457;
0.2462];